20
100
0 9 3
0 2 6
0 9 8
2 6 8
8 6 1
8 7 3
9 5 12
14 8 4
14 7 9
15 9 3
21 2 12
23 8 11
23 4 2
24 9 5
31 1 10
32 9 13
33 10 3
41 1 16
42 7 1
42 2 16
44 3 7
44 7 4
44 5 3
47 1 4
47 5 4
48 7 8
51 6 4
52 3 8
55 2 5
55 10 8
57 3 8
60 3 6
60 8 1
63 1 9
64 8 1
64 10 9
65 5 7
70 6 5
72 1 3
73 1 4
74 8 8
74 6 1
74 6 2
76 9 9
82 8 6
85 1 12
86 9 14
90 10 3
95 10 12
100 5 3
105 5 16
110 6 17
116 2 3
116 10 6
116 6 6
118 5 3
122 7 5
122 6 1
123 10 5
126 7 8
129 9 2
133 2 12
133 9 2
135 2 4
135 1 4
135 7 4
136 6 6
137 1 4
138 9 6
142 9 7
142 6 6
147 7 5
148 7 8
151 2 3
153 10 6
154 2 5
155 3 1
155 1 1
155 8 4
156 3 8
159 7 1
159 6 7
163 3 10
165 7 1
165 2 4
166 1 10
167 1 4
167 6 15
173 3 5
173 2 4
173 2 6
175 1 7
175 7 6
176 6 8
176 5 5
181 3 6
182 8 13
184 9 5
190 9 9
190 3 5
