50
500
0 11 50
11 5 17
11 8 31
16 19 8
16 5 4
16 8 6
19 18 34
24 12 6
35 15 12
36 6 3
37 24 12
37 29 11
37 25 3
37 24 5
37 6 3
42 3 5
45 15 6
50 2 3
50 10 2
50 13 10
60 15 8
61 16 19
63 17 1
63 23 3
63 12 10
66 10 10
75 29 15
76 22 11
77 28 20
86 9 3
95 3 6
98 22 15
104 11 16
105 20 19
115 16 7
115 15 2
115 12 1
115 30 7
120 9 5
120 6 9
125 3 19
126 18 8
128 17 3
128 26 3
128 23 11
128 25 3
129 9 2
129 16 2
130 5 4
131 11 1
131 14 4
135 23 1
135 25 2
135 15 2
138 10 4
144 11 2
144 17 8
145 11 4
145 28 12
150 13 1
150 28 4
151 4 7
151 17 1
153 26 6
155 5 4
155 30 9
158 3 2
160 19 7
161 14 5
161 19 7
173 11 14
175 25 4
178 26 3
179 19 8
179 3 2
179 28 1
180 22 9
184 16 15
185 14 2
185 22 6
198 25 1
198 23 3
198 4 2
198 18 1
198 9 3
200 2 16
200 27 5
202 27 1
202 22 22
202 8 2
204 14 2
204 28 2
207 8 9
210 23 5
215 9 10
221 13 4
224 29 10
224 24 24
227 17 5
233 30 8
234 24 5
244 30 5
248 7 19
248 2 4
250 2 1
252 18 3
253 25 1
253 23 1
253 29 3
253 11 7
255 19 12
255 26 5
258 5 4
263 29 9
263 25 2
264 15 8
270 3 5
273 4 5
274 22 12
274 30 3
277 28 4
277 13 1
278 28 4
279 8 3
279 20 1
279 7 2
281 22 3
281 2 4
283 10 6
287 27 1
287 9 3
288 22 2
292 7 5
292 12 4
293 11 5
293 7 3
296 18 4
296 26 2
296 24 11
299 30 5
303 21 6
304 23 12
305 23 2
306 11 1
306 20 4
314 16 5
317 10 1
320 19 10
320 14 1
322 26 2
324 2 2
324 15 8
326 10 5
327 5 14
329 11 2
329 3 1
330 11 4
330 11 5
332 11 4
332 11 1
332 1 3
332 20 5
333 13 5
336 2 5
338 3 1
338 7 1
339 8 13
339 21 4
339 30 5
341 3 9
343 27 7
344 14 7
346 10 3
346 22 5
347 22 5
347 26 3
347 30 5
352 16 7
358 28 10
360 11 2
368 11 13
369 17 2
369 18 2
369 9 3
369 12 5
370 28 6
373 19 5
377 20 4
378 18 2
379 21 14
381 19 3
386 19 4
386 30 7
386 2 3
388 16 6
392 27 6
397 13 1
397 29 5
398 21 3
400 5 11
400 30 4
400 22 4
404 16 5
405 30 9
405 23 7
416 2 3
416 17 4
418 18 5
419 9 1
419 24 1
419 23 6
420 19 4
422 16 5
426 19 2
428 16 5
428 10 7
433 9 3
433 26 5
435 28 4
435 8 2
436 8 2
436 6 6
438 5 2
438 3 1
438 20 4
438 5 5
441 11 2
442 20 16
443 22 8
444 1 2
444 27 2
444 7 6
445 1 5
446 24 5
451 25 3
452 10 4
458 19 1
459 18 4
459 8 5
462 9 4
462 7 8
462 25 1
462 10 1
462 10 5
463 2 3
465 5 4
465 1 8
466 6 9
467 14 2
469 16 11
470 27 7
471 20 4
472 8 7
472 21 7
472 1 5
473 7 5
477 22 5
480 26 7
480 16 8
485 10 6
485 20 7
491 7 4
493 17 7
495 28 4
496 30 3
496 18 2
496 9 3
497 5 1
497 21 3
497 13 1
497 1 1
498 24 7
499 15 1
499 17 3
505 14 14
506 28 1
506 6 1
506 16 2
510 8 1
510 16 8
514 17 6
518 27 7
519 8 12
522 9 10
523 14 5
526 4 1
526 22 4
526 16 2
527 23 9
527 18 4
531 30 2
531 29 17
537 25 4
542 22 2
545 11 8
545 11 2
548 8 4
550 5 8
550 18 3
555 8 5
555 6 5
556 14 8
556 21 6
560 30 7
560 10 9
561 27 5
562 15 2
562 10 2
563 4 6
567 28 10
570 29 8
570 8 11
577 1 9
578 14 4
578 19 5
578 11 12
588 28 4
589 16 9
589 23 3
590 5 7
592 26 1
592 30 1
595 28 14
595 21 5
597 29 6
599 6 2
599 30 6
605 29 12
616 10 7
616 21 3
623 16 7
623 29 1
623 28 4
623 6 4
626 11 3
626 9 6
626 3 5
629 28 11
629 16 1
634 16 10
634 21 6
635 22 6
637 29 2
639 15 5
639 25 6
650 2 1
650 27 7
651 13 6
654 27 1
654 18 6
655 14 1
655 11 4
657 5 13
657 22 2
662 26 3
662 15 7
662 26 1
662 1 5
663 21 5
664 4 3
664 22 9
666 29 1
666 16 6
672 29 7
677 16 4
677 29 4
677 22 8
682 8 7
684 27 8
686 23 6
688 12 6
690 2 6
692 5 3
692 21 5
695 25 5
699 13 2
699 10 7
700 3 2
700 13 5
701 26 1
701 13 6
706 19 3
709 2 9
709 27 5
711 23 7
711 1 10
712 11 2
712 25 5
712 28 8
713 16 3
713 20 7
714 13 5
720 29 5
725 30 2
727 19 6
729 27 1
729 5 4
733 8 2
733 29 7
734 4 10
736 15 6
737 15 4
738 10 2
738 26 5
740 16 12
746 8 5
748 12 5
749 12 4
751 19 7
754 24 1
754 8 8
756 10 7
756 29 7
760 24 4
761 22 3
762 25 12
762 1 1
762 22 5
764 23 2
766 2 3
766 20 4
768 6 5
770 16 2
770 17 3
774 14 4
774 26 1
778 23 3
783 4 1
784 5 6
784 16 1
784 2 1
784 11 5
785 5 4
786 8 4
786 7 5
787 14 1
787 14 5
787 28 8
787 23 3
788 1 3
789 4 9
790 16 5
793 11 12
794 10 8
795 9 2
800 15 2
801 17 6
801 4 4
804 3 10
804 19 11
805 6 4
806 26 1
806 8 5
807 20 11
811 2 3
811 17 3
813 16 1
814 18 6
815 27 10
818 29 1
818 11 3
818 29 3
823 30 1
823 2 10
825 11 8
827 18 13
828 5 1
829 19 4
832 7 3
832 5 1
832 26 7
836 3 2
836 10 3
837 26 1
839 3 1
839 27 7
842 15 11
845 18 3
845 6 7
846 27 5
847 18 4
848 10 1
848 14 2
851 23 6
853 18 1
857 15 13
858 9 4
858 28 2
862 6 6
865 1 8
866 14 1
866 13 12
867 10 6
868 12 2
871 22 5
872 11 5
872 30 6
873 20 5
874 11 8
877 21 5
